2021-01-15 12:35:42,295 [INFO]: Connecting to the Vicon...
2021-01-15 12:35:42,297 [INFO]: Connected to Vicon!
2021-01-15 12:35:42,297 [INFO]: Setting up the buffer...
2021-01-15 12:35:42,297 [INFO]: Buffer of 1000 frames created.
2021-01-15 12:35:42,297 [INFO]: Enabling data types...
2021-01-15 12:35:42,298 [DEBUG]: Segments: True
2021-01-15 12:35:42,298 [DEBUG]: Markers: True
2021-01-15 12:35:42,298 [DEBUG]: Unlabeled Markers: True
2021-01-15 12:35:42,298 [DEBUG]: Marker Rays: True
2021-01-15 12:35:42,298 [DEBUG]: Devices: True
2021-01-15 12:35:42,299 [DEBUG]: Centroids: True 
2021-01-15 12:35:42,299 [INFO]: Testing stream modes...
2021-01-15 12:35:42,299 [INFO]: Getting a frame in ClientPull mode...
2021-01-15 12:35:43,299 [ERROR]: Error using ClientPull mode. --> NoFrame
2021-01-15 12:35:43,299 [INFO]: Getting a frame in PreFetch mode...
2021-01-15 12:35:44,299 [ERROR]: Error using ClientPreFetch mode. --> NoFrame
2021-01-15 12:35:44,299 [INFO]: Getting a frame in ServerPush mode...
2021-01-15 12:35:44,300 [DEBUG]: Fetched! Pulled frame number: 868288
2021-01-15 12:35:44,300 [INFO]: ServerPush mode set.
2021-01-15 12:35:44,300 [INFO]: Getting available framerates...
2021-01-15 12:35:44,300 [INFO]: Current Vicon frame rate: 100.0 Hz.
2021-01-15 12:35:44,300 [INFO]: Available frame rates: 
2021-01-15 12:35:44,300 [INFO]: Process Rate : 99 Hz 

2021-01-15 12:35:44,300 [INFO]: Setting axis...
2021-01-15 12:35:44,300 [INFO]: X Axis: AxisMapping.EForward
2021-01-15 12:35:44,300 [INFO]: Y Axis: AxisMapping.ELeft
2021-01-15 12:35:44,300 [INFO]: Z Axis: AxisMapping.EUp
2021-01-15 12:35:44,301 [INFO]: Initializing drivers...
2021-01-15 12:35:44,301 [INFO]: Drivers initialized.
2021-01-15 12:35:44,301 [INFO]: Connecting to the Crazyflie...
2021-01-15 12:35:44,301 [DEBUG]: Adding callback on port [6] to [<bound method Localization._incoming of <cflib.crazyflie.localization.Localization object at 0x000001A7CE4BA4C8>>]
2021-01-15 12:35:44,301 [DEBUG]: Adding callback on port [5] to [<bound method Log._new_packet_cb of <cflib.crazyflie.log.Log object at 0x000001A7CE4BA648>>]
2021-01-15 12:35:44,301 [DEBUG]: Adding callback on port [0] to [<bound method Console.incoming of <cflib.crazyflie.console.Console object at 0x000001A7CE4BA708>>]
2021-01-15 12:35:44,301 [DEBUG]: Adding callback on port [2] to [<bound method _ParamUpdater._new_packet_cb of <_ParamUpdater(Thread-7, initial daemon)>>]
2021-01-15 12:35:44,302 [DEBUG]: Adding callback on port [4] to [<bound method Memory._new_packet_cb of <cflib.crazyflie.mem.Memory object at 0x000001A7CE4BA908>>]
2021-01-15 12:35:44,303 [DEBUG]: Adding callback on port [13] to [<bound method PlatformService._platform_callback of <cflib.crazyflie.platformservice.PlatformService object at 0x000001A7CE4BAC48>>]
2021-01-15 12:35:44,303 [DEBUG]: Adding callback on port [15] to [<bound method PlatformService._crt_service_callback of <cflib.crazyflie.platformservice.PlatformService object at 0x000001A7CE4BAC48>>]
2021-01-15 12:35:44,303 [INFO]: Crazyflie has the following segments: ['Crazyflie']
2021-01-15 12:35:44,303 [INFO]: Crazyflie has root: Crazyflie
2021-01-15 12:35:44,303 [DEBUG]: Checking functions without flying
2021-01-15 12:35:44,303 [DEBUG]: Fetched! Pulled frame number: 868290
2021-01-15 12:35:44,304 [DEBUG]: Drone rotation matrix from Vicon: [ 0.32777391  0.94457225 -0.0186421 ] [-0.94358493  0.32828606  0.0433098 ] [0.04702918 0.00339459 0.99888775] 
2021-01-15 12:35:44,305 [DEBUG]: Drone Euler XYZ from Vicon as given: [-0.04333089 -0.01864318 -1.23678968]
2021-01-15 12:35:44,305 [DEBUG]: Drone Euler XYZ from Vicon to deg: (-2.482676833571687, -2.482676833571687, -2.482676833571687)
2021-01-15 12:35:44,305 [DEBUG]: Drone Euler XYZ from Vicon to rad: (-0.000756266611206843, -0.000756266611206843, -0.000756266611206843)
2021-01-15 12:35:44,305 [DEBUG]: Drone position from global origin: (-80.59045907582572, 47.967936328936936, 33.00829741974758)
2021-01-15 12:35:44,305 [DEBUG]: Fetched! Pulled frame number: 868291
2021-01-15 12:35:44,311 [DEBUG]: Drone rotation matrix from Vicon: [ 0.32883939  0.94424069 -0.01655804] [-0.94318669  0.32925464  0.04461222] [4.75764880e-02 9.47062176e-04 9.98867149e-01] 
2021-01-15 12:35:44,311 [DEBUG]: Drone Euler XYZ from Vicon as given: [-0.04463316 -0.01655879 -1.23567423]
2021-01-15 12:35:44,311 [DEBUG]: Drone Euler XYZ from Vicon to deg: (-2.5572916449399203, -2.5572916449399203, -2.5572916449399203)
2021-01-15 12:35:44,311 [DEBUG]: Drone Euler XYZ from Vicon to rad: (-0.0007789955825237062, -0.0007789955825237062, -0.0007789955825237062)
2021-01-15 12:35:44,311 [DEBUG]: Drone position from global origin: (-80.4147389422845, 47.891318054201754, 32.80873703270328)
2021-01-15 12:35:44,312 [DEBUG]: Fetched! Pulled frame number: 868292
2021-01-15 12:35:44,313 [DEBUG]: Drone rotation matrix from Vicon: [ 0.32789509  0.94440628 -0.02411608] [-0.94323492  0.32870295  0.04756319] [0.052846   0.00715139 0.99857707] 
2021-01-15 12:35:44,313 [DEBUG]: Drone Euler XYZ from Vicon as given: [-0.047595   -0.02411841 -1.23662074]
2021-01-15 12:35:44,313 [DEBUG]: Drone Euler XYZ from Vicon to deg: (-2.726992551205754, -2.726992551205754, -2.726992551205754)
2021-01-15 12:35:44,313 [DEBUG]: Drone Euler XYZ from Vicon to rad: (-0.0008306894347258706, -0.0008306894347258706, -0.0008306894347258706)
2021-01-15 12:35:44,313 [DEBUG]: Drone position from global origin: (-80.3499996961068, 47.70960921212109, 32.65603670899133)
2021-01-15 12:35:44,313 [DEBUG]: Fetched! Pulled frame number: 868293
2021-01-15 12:35:44,314 [DEBUG]: Drone rotation matrix from Vicon: [ 0.32861787  0.94425958 -0.01959967] [-0.94326255  0.32917548  0.04358068] [0.0476032  0.00416624 0.99885764] 
2021-01-15 12:35:44,315 [DEBUG]: Drone Euler XYZ from Vicon as given: [-0.04360287 -0.01960092 -1.23588968]
2021-01-15 12:35:44,315 [DEBUG]: Drone Euler XYZ from Vicon to deg: (-2.498260331791251, -2.498260331791251, -2.498260331791251)
2021-01-15 12:35:44,315 [DEBUG]: Drone Euler XYZ from Vicon to rad: (-0.0007610136162257374, -0.0007610136162257374, -0.0007610136162257374)
2021-01-15 12:35:44,315 [DEBUG]: Drone position from global origin: (-80.45321115370709, 47.8822936971278, 32.84376760866831)
2021-01-15 12:35:44,315 [DEBUG]: Fetched! Pulled frame number: 868294
2021-01-15 12:35:44,316 [DEBUG]: Drone rotation matrix from Vicon: [ 0.32997007  0.94367869 -0.0242959 ] [-0.94318318  0.33064314  0.03287237] [0.03905423 0.01206858 0.99916421] 
2021-01-15 12:35:44,316 [DEBUG]: Drone Euler XYZ from Vicon as given: [-0.03288801 -0.02429829 -1.23442124]
2021-01-15 12:35:44,316 [DEBUG]: Drone Euler XYZ from Vicon to deg: (-1.8843440521697157, -1.8843440521697157, -1.8843440521697157)
2021-01-15 12:35:44,316 [DEBUG]: Drone Euler XYZ from Vicon to rad: (-0.0005740040231623697, -0.0005740040231623697, -0.0005740040231623697)
2021-01-15 12:35:44,316 [DEBUG]: Drone position from global origin: (-80.38316585429406, 47.64228746904548, 32.5561018579723)
2021-01-15 12:35:44,316 [DEBUG]: Fetched! Pulled frame number: 868295
2021-01-15 12:35:44,317 [DEBUG]: Drone rotation matrix from Vicon: [ 0.33012071  0.94370289 -0.02109906] [-0.94308654  0.33068985  0.03509993] [0.04010115 0.00831103 0.99916106] 
2021-01-15 12:35:44,317 [DEBUG]: Drone Euler XYZ from Vicon as given: [-0.03511496 -0.02110063 -1.23428701]
2021-01-15 12:35:44,317 [DEBUG]: Drone Euler XYZ from Vicon to deg: (-2.0119391215242133, -2.0119391215242133, -2.0119391215242133)
2021-01-15 12:35:44,317 [DEBUG]: Drone Euler XYZ from Vicon to rad: (-0.0006128717039666429, -0.0006128717039666429, -0.0006128717039666429)
2021-01-15 12:35:44,318 [DEBUG]: Drone position from global origin: (-80.37894912748344, 47.647999648767374, 32.56180326518009)
2021-01-15 12:35:44,318 [DEBUG]: Fetched! Pulled frame number: 868296
2021-01-15 12:35:44,318 [DEBUG]: Drone rotation matrix from Vicon: [ 0.32884213  0.94421437 -0.01794652] [-0.94318535  0.32932264  0.04413606] [0.0475841  0.00241309 0.99886432] 
2021-01-15 12:35:44,319 [DEBUG]: Drone Euler XYZ from Vicon as given: [-0.04415752 -0.01794748 -1.23566298]
2021-01-15 12:35:44,319 [DEBUG]: Drone Euler XYZ from Vicon to deg: (-2.5300395806205302, -2.5300395806205302, -2.5300395806205302)
2021-01-15 12:35:44,319 [DEBUG]: Drone Euler XYZ from Vicon to rad: (-0.0007706941290068722, -0.0007706941290068722, -0.0007706941290068722)
2021-01-15 12:35:44,319 [DEBUG]: Drone position from global origin: (-80.43004076203452, 47.8662683356249, 32.77061004100286)
2021-01-15 12:35:44,319 [DEBUG]: Fetched! Pulled frame number: 868297
2021-01-15 12:35:44,320 [DEBUG]: Drone rotation matrix from Vicon: [ 0.32881729  0.94414505 -0.02166386] [-0.94318424  0.32947033  0.04304392] [0.0477773  0.00627942 0.99883827] 
2021-01-15 12:35:44,320 [DEBUG]: Drone Euler XYZ from Vicon as given: [-0.04306733 -0.02166555 -1.23566364]
2021-01-15 12:35:44,320 [DEBUG]: Drone Euler XYZ from Vicon to deg: (-2.4675765164056114, -2.4675765164056114, -2.4675765164056114)
2021-01-15 12:35:44,320 [DEBUG]: Drone Euler XYZ from Vicon to rad: (-0.0007516667915537521, -0.0007516667915537521, -0.0007516667915537521)
2021-01-15 12:35:44,320 [DEBUG]: Drone position from global origin: (-80.4406999109902, 47.91204229251713, 32.840015126232494)
2021-01-15 12:35:44,320 [DEBUG]: Fetched! Pulled frame number: 868298
2021-01-15 12:35:44,321 [DEBUG]: Drone rotation matrix from Vicon: [ 0.33028771  0.94348987 -0.02714598] [-0.94303919  0.33107076  0.03269911] [0.03983852 0.01479961 0.99909652] 
2021-01-15 12:35:44,321 [DEBUG]: Drone Euler XYZ from Vicon as given: [-0.032717   -0.02714931 -1.23405895]
2021-01-15 12:35:44,321 [DEBUG]: Drone Euler XYZ from Vicon to deg: (-1.8745459510905387, -1.8745459510905387, -1.8745459510905387)
2021-01-15 12:35:44,322 [DEBUG]: Drone Euler XYZ from Vicon to rad: (-0.0005710193508928215, -0.0005710193508928215, -0.0005710193508928215)
2021-01-15 12:35:44,322 [DEBUG]: Drone position from global origin: (-80.38394789139525, 47.68511301240983, 32.592482407179695)
2021-01-15 12:35:44,322 [DEBUG]: Fetched! Pulled frame number: 868299
2021-01-15 12:35:44,322 [DEBUG]: Drone rotation matrix from Vicon: [ 0.33031133  0.94352652 -0.02553681] [-0.94308824  0.33101859  0.03180051] [0.03845778 0.0135794  0.99916795] 
2021-01-15 12:35:44,323 [DEBUG]: Drone Euler XYZ from Vicon as given: [-0.03181625 -0.02553959 -1.23404876]
2021-01-15 12:35:44,323 [DEBUG]: Drone Euler XYZ from Vicon to deg: (-1.8229367048474854, -1.8229367048474854, -1.8229367048474854)
2021-01-15 12:35:44,323 [DEBUG]: Drone Euler XYZ from Vicon to rad: (-0.0005552982754651257, -0.0005552982754651257, -0.0005552982754651257)
2021-01-15 12:35:44,323 [DEBUG]: Drone position from global origin: (-80.38381275013701, 47.63924056484189, 32.59176852563395)
2021-01-15 12:35:44,323 [DEBUG]: Offline check done
